5243592
6701243
16026396
6746740
5255609
16035044
10552292
6811468
15904295
5314649
10565140
16018408
11401034
16059417
10562752
3930406
17908219
752355
3921463
16035085
11363841
7511152
16035105
16021300
6713331
727900
16017417
10551048
10553860
11412798
5256200
15847712
10617772
10601604
751990
3912539
15847714
10605830
1350610
16035083
16023392
5261744
10615543
10556120
16018418
13451987
16017238
4632857
4602815
16035000
4627808
3262497
13459938
16035345
11363503
10604029
750002
7513090
13514511
13449442
4653802
7948287
13459802
13453935
13507932
16059546
10555261
953046
6820309
510526
13727473
13508024
10561960
11826484
15940909
13451954
7933295
10617291
3914539
4659610
23122361
13515854
13505344
3929174
10613565
13459186
10553302
10564225
13457803
13511246
7030653
13448995
13505061
6803771
23111113
11963786
23121793
4640920
13451904
16035336
7065034
10552493
3932812
13445529
15905684
13453679
10615794
4730936
15905443
16035011
10604980
6849265
507069
11419935
13508310
11822732
4625634
13452081
5252556
7948363
4261630
1222558
13508032
13456749
10606400
5224584
23120771
10561953
10562424
13503873
6847562
5305792
13509869
16018336
10611263
23122096
13512196
10552281
7025210
4653318
13512222
3234481
13450620
3932972
5316925
15959848
7957546
13502897
23121038
11839362
23110792
13721601
7928742
3932719
23114824
10552786
23122097
10603133
10554232
4224282
16021316
7935373
10600605
11352943
13446728
13505146
13716835
470729
4657480
4657630
13513833
7948403
10563248
3858171
524206
7933591
10562866
13454118
6710687
13503099
23121771
13504766
4653241
5308363
11420048
4702143
1362806
13458524
519583
1362706
7939653
10603886
23121329
23114746
10609529
13512015
519607
13509354
4643989
11840382
17719363
1222575
16035356
16035808
13448542
23114820
10126683
10563827
13458595
18263479
5134930
13500500
13510241
13512505
23119490
11361505
13504091
10611793
4603701
10551896
1203234
13457334
6751832
13462503
528533
4604547
13445527
5238387
13513156
1212916
6810838
4627897
10564379
10614321
13506881
10557695
10614702
13514697
15847594
10605494
16054811
3928452
6710455
16053910
16018330
13459323
13510420
13512510
23119242
4623128
13507861
6714533
6845813
6714682
5222451
1713852
13464160
5240755
10602873
5312618
13461909
7514046
7040625
5303783
15904337
6922361
13515381
13452107
6707444
16017428
10615638
6923310
23122094
13452476
6715537
13512229
6706099
10555565
16026244
10556682
7038561
5219480
5254055
16035311
7020962
16026243
4710924
10610219
13447858
13452070
16048810
1418733
1222611
10614664
5264515
10562907
7935483
13501247
11358014
5306982
23117747
11352076
5312930
11406022
6764042
13514092
4764051
13503912
4640980
7933348
23110811
23119182
13460423
13445774
5240876
23121753
3912554
10617375
4714811
13461645
16053912
529141
6845614
15847449
3915685
16021208
13447608
23111091
3932888
4627292
13508610
23122104
13464976
10556782
23120795
5246401
3931365
4644464
23114805
7035911
23122365
4757324
4764258
16035022
4627270
13508626
13513183
519577
23121797
6715459
4640943
10618216
4714777
13512056
4617373
4653237
6706095
13503875
10550765
13502546
10601897
10550650
10608295
15847691
13510626
10549816
10551984
13734002
16048989
13733683
5305851
10604837
11417363
3262490
16054867
11402187
10614130
13461479
23122105
10605014
4627964
11401253
1218562
23122303
13509398
13505538
5263438
1222604
10614874
10611923
17721836
23114853
10617651
13503083
16049171
13721825
3262725
11827047
4623068
1212881
13456572
23121035
11414730
7041075
10611204
3911145
10604197
6921336
5255179
7933557
5237129
10606552
15848042
504324
10550316
13720595
13511925
10603244
16059338
13454913
7940793
10564664
3921388
23112359
3932903
7937280
13516317
23121000
13460672
7511956
11406643
6803783
13508212
4725537
13460469
5304916
10555952
6710616
13510078
15847485
15848096
4602938
4734681
11419169
23121607
10565520
13510095
13446091
7040496
5202080
13447907
17805429
13505704
1418603
15847916
13451136
10618199
13513041
6736529
17721866
11836613
752167
6754328
15904223
3932797
13507933
6630967
13511416
730342
13451146
6942342
11836576
5303463
15847532
10609252
11363789
6747966
10605160
13454540
13506003
4601117
751930
7051188
13457642
1350913
4753256
5200250
6719800
6807287
749419
6803748
13462113
7100507
4627977
10564827
4759742
13512910
3915751
3256903
13504873
6764217
13457254
18262160
6756710
16018248
7027787
13733898
15904265
10615852
13502741
13447474
6839075
23114741
6722218
13445901
4565374
6724048
13448719
7034692
15904323
957033
5308301
744850
6858966
6714872
13447379
16053904
6632197
15904222
23121766
7042923
3262521
13465389
23120772
13510998
13504763
13453316
4602696
7042932
15847604
10608074
13514519
6859889
13456241
15847540
23117677
11420047
16023858
5316474
6746867
13452829
17805354
13451448
6756635
15903989
13505943
13460686
6716116
13503689
710508
13511841
13512903
7021690
7038100
16059410
13464754
13462725
528620
4635338
3929096
13511121
13509749
13459810
4657512
6731517
4558536
15905744
13511727
10613581
13703048
6817576
6736522
13511383
6664576
18263499
13504354
752027
6703314
15905451
5258533
13502334
4605705
13501307
15905748
6812131
13502863
13447887
13504691
3933451
7051208
13456434
5304031
1418584
13452675
3244168
4633252
6659880
13448175
13461705
5255820
3256934
4602829
6731328
13464664
13512060
6949004
4633848
16053622
749988
6736332
13512093
5254067
6859559
7036962
16059520
13454906
13465276
1213048
13703895
13448827
5260417
5260888
1203347
5219558
15905565
4600905
6733352
13512750
13733982
6703326
13511586
11825584
6752742
1203282
13447473
5237140
6710665
10607819
1209173
13513783
3921373
15847504
3932821
23114744
16035331
10614301
3934626
4610654
13508830
16035806
3911276
16053874
3921834
23111128
4640666
7031432
15847956
10604186
749536
7933608
3244111
7511886
13456466
6814232
7933550
23114702
16035069
4714797
15905528
15847640
15847573
16017223
730411
5303985
5308345
4627819
16053668
3923602
13509790
7937276
7928533
4606891
7932182
10559886
5300941
1203400
528464
10608059
6838917
6705972
4734756
10557194
4717279
5311372
10612963
5307525
11358805
23112272
13447119
6818184
16035037
7065256
18238917
13506496
4653232
10613988
4714553
3262749
13446556
7024786
7921466
1364778
727847
16021269
15960038
10610074
7944509
4601522
4617358
6903740
13733682
10555797
13510966
5308680
3929066
7530413
16017261
15905518
519789
7933542
5318349
5311342
23120758
10560210
750102
23103619
5219535
15847537
3914302
7948253
4615258
4617664
13509057
3931856
15905479
16023195
6752809
6721592
4753293
15903993
749980
4562549
522864
7933562
5304357
4754334
13445930
522929
10612770
6940043
5248176
10600988
13511846
16019431
528219
23112351
6710150
7019650
18302662
6752031
10604695
5259165
16019153
10608052
10604728
10601122
10562542
13733791
13458969
5304927
13451236
13663278
13663198
13711756
13508218
11821173
3242271
3930389
11826133
15905541
5259154
16026467
16019220
15905743
5255810
11420611
11831713
11834400
11357872
13731357
13711569
13451925
13453518
13456439
11832046
11360424
13454829
13455018
13451755
11351401
13725827
13504347
16022267
13505531
507623
13507537
7524785
13448266
13446455
13453138
11821349
11822075
11354446
11353644
11419537
11405636
11828344
4754298
15905711
11851277
11831046
11357344
13456746
504392
5254350
11356672
11854420
11838245
11407664
11354222
11353077
11355792
11825243
13713248
13665110
13665374
13501674
23121305
11830525
13448011
13449288
13449439
13713726
13710231
13450474
15904296
13663695
5304356
13711893
13508406
4754315
3923263
23112477
11417922
15905475
16026236
10551495
5164610
4625560
5252561
5255694
5252461
5311577
5312661
4753249
4754451
5252567
5252730
5252877
5312711
3933367
11365118
13733571
5251920
5260382
5254040
5256338
13722025
13713656
4725977
5249400
5249417
4601581
4724274
8940369
5264548
4610918
16059371
15905433
16018372
4617632
15847468
13715894
11420157
11350232
13462273
13664727
7530831
13655383
11420264
16019169
15905511
16023208
4720522
16023428
13451970
16019186
16019275
16053661
15959994
16019236
11852963
17721924
11847405
5258277
4754435
1222518
4754446
5312808
5314293
11362601
11401983
13447022
13729264
11415459
519897
5258519
11364792
11847149
13717767
4725526
15904279
13723227
15545650
13716489
15905476
11837596
5254321
745051
5309241
4753235
5262073
5260915
5237070
16019189
3256845
3256904
3858144
4625340
4625605
3932644
4606877
3933808
4753276
4610677
13715690
747696
11823988
11854157
4610889
16022243
16054911
3930422
16054928
16053928
4627348
5242126
3923754
5239304
16053629
15959833
5238381
11819528
11852965
11853650
11411989
15848038
16035008
16035770
11406998
11402054
16035113
5308330
5258380
5255943
5256054
5304244
5254399
10613651
15905382
3931135
5304946
23112281
5246472
2611571
5312958
4802373
13727651
13511509
13722423
5254338
4625033
6701244
4717263
11405421
10609305
16021280
5306874
10601957
5254368
16023822
5258295
5259184
5306753
5304897
23052505
10617175
960036
5259483
5259035
5304364
5306842
5307256
5264500
5306564
5311656
5306747
5318361
4800413
7946331
5259194
1410326
1401868
1222529
956876
1364709
520974
5261020
5259438
727820
18263472
1222631
4609469
1402097
1229141
1410602
730301
11412920
1229043
730465
7944363
7944576
7514022
1410855
1001971
1003233
1222721
1408214
1005610
957013
4627998
5259208
1400909
1410833
1410790
1364882
1404219
1404229
1362873
530513
13452426
13453397
1411562
5223803
734057
734007
6726030
734058
731638
734006
518538
744849
745050
522696
4605782
522900
522849
749421
4753246
749306
522638
16035058
5243407
5243615
5311394
4602819
5248461
13461024
4632672
745092
5318262
5305006
5303703
5259504
15905707
515208
530977
7928668
7935350
4609134
7515697
1001416
731626
960819
1001227
520740
960566
13465277
3910966
7513411
507538
742283
4249934
956781
13512993
747616
727903
4633847
4753265
10552655
4627337
7935094
7935371
7530468
7944500
3923248
7948019
3933828
5224506
4623032
7937138
7919704
5254801
1411544
5312877
5253773
1222625
7935481
520905
13453899
13459760
13460624
4653254
13515981
5303415
13516541
3244320
13516937
3300742
4717492
4652775
4224343
13462426
4657600
13514061
4659581
4705158
3914317
4700800
470759
3914554
516439
4764288
3262757
3262498
4756618
4753189
16054831
7530522
6750907
6746735
4627612
4617633
3917942
3918069
13450421
13505492
13506317
13508288
13509549
13513025
13512702
13512985
13514782
17818570
13515979
3928482
3928497
16021130
7937047
745118
744859
747585
945255
1005501
4653362
23122338
5200030
1008346
1401983
1005464
13461887
5304995
13462303
13512239
13513366
7524755
13456989
5315354
1223934
5246406
1006561
1222613
5246352
5318315
4717335
4653772
4653288
3929340
3929385
16053875
6718688
13446373
23107951
13510468
7937292
945099
1007652
5255178
5312804
5246345
13456352
13454222
963911
13448184
13449007
1362818
5248206
13456591
6715746
731648
15847544
510532
5314273
515493
5312838
7937165
6707445
13454423
5215602
5254276
5219573
5219532
507437
5254351
5312697
5300083
530789
5258367
749550
5224310
13714197
5200012
7935486
15847568
13664607
15847653
1007712
13457999
3932750
5215436
5303620
3244317
13511386
5259034
5304274
3025768
12726026
12744128
12739827
3019135
3029399
3025160
3044378
3018679
3022943
3031079
3031183
3032891
3031890
3031440
3035592
3039907
3035005
3021903
3040344
15005189
15007758
15013891
15025781
15026447
15008170
15005666
15030012
15021278
14964124
2622316
12730465
12726520
12739752
12724364
12736173
12712357
12722701
12741543
12726940
12713131
2613866
2617105
2619189
2619571
3031758
3044486
3028191
3022425
12732927
12717744
12745088
12737660
12732916
12738692
12738262
12726370
12721905
12728351
2607787
2611629
2637376
2608198
2620319
2634138
2625829
2611094
2608103
2624999
3046667
3025850
3034284
3032854
3035677
3030824
3039038
3037292
3046960
3045577
3024335
2629933
3017868
3031761
3023602
3036268
3036136
3025898
3038006
3033979
3027850
3043831
3034824
3044283
3034095
2610248
3038966
3035473
3036828
3024765
3018154
13512245
23121590
13500189
523798
6821416
1404929
522711
3934588
13515350
13502937
3918024
11359758
10616168
7935413
7038803
4711130
5303241
5303590
1222521
744810
13509241
727781
13447131
13702715
1709661
4720511
6703516
4623061
13445907
4653271
10615804
7511148
5311398
13445485
15905512
13513331
13507296
13511028
11361208
13513493
13504063
5252542
13502944
5255840
7513978
13454244
13515214
10550887
1222301
5259464
7043506
7030021
13513934
10553736
5242181
742183
3912784
11822207
1221082
13511353
11405840
4224373
13501878
1007581
10556197
5254853
5252935
5253024
5115675
5255720
5216975
5258762
3933313
5255566
5260892
5263848
5252796
5258030
5257028
5263591
5252783
5300389
960124
5252628
5252609
1222629
5264007
5244406
5123471
5129107
5303613
5129254
5129201
4659561
4659450
4252012
4659600
5435742
5421528
5435765
4764204
5421537
5435409
5435420
5421552
5242188
5241940
5238385
5135158
5244474
5244443
5239290
7525097
5134895
5133698
5254528
5245688
5133644
5133488
5133543
5133401
5133476
5134880
5244465
5244482
5133703
5133690
5134909
5135084
5135111
7512823
5133692
5119980
5119959
5122687
5124789
5153467
5110165
4263414
10612610
5229459
5232057
5224562
5307168
5250889
5306938
5245684
5307118
5250833
5164656
5164553
5164671
5164670
13508771
5130545
5134884
5135083
4637643
5257966
4637625
4637661
5264634
4647942
4638941
4639162
5139703
5303956
5135648
7509018
5258571
5141325
5123493
5261862
5249350
5256745
5241240
5258003
5241372
530415
13452974
23121020
5211410
4648046
5245939
5133720
4647827
5244495
5235939
5244452
5224855
507537
5224759
5216896
5244446
5133390
5133398
5133702
7514850
5235972
5235822
5224405
1362917
5130425
5224393
4653684
5259390
5259351
5254886
5135110
5249437
5224528
5224569
5244421
5244473
5244444
7512135
7513559
5235835
7513468
5130776
5133601
5133492
5133629
5133515
5245710
5245930
5245917
5235965
16053905
15847702
15904331
16023193
16023194
16022280
16059534
16053939
16053659
16054944
16017450
16017166
5257738
16021287
15903999
15904224
16021318
3906675
16021241
16021336
7524672
13446112
3929325
4717491
3929400
17722508
15847665
15847663
15847555
4659580
6733148
749354
3915766
4757407
4717495
4717282
470770
470789
5257756
4705135
4657570
4657571
4224313
15847711
4801334
16021217
16021324
16053667
16053947
15847669
15847520
4617627
4250021
4602924
4711160
4224342
13456085
17719334
4614691
4627389
4617574
4625591
4625356
4627904
13454646
4627861
15847920
3929286
16022152
16022251
15847704
15847627
15847587
15905367
10561916
6661870
3931356
3931120
3931433
7945971
4602754
4717264
13505506
4653284
5303799
5133428
519795
749581
5264036
11849847
5257490
15847689
1001345
5135112
5129231
10564443
6803558
5133494
5133431
4643666
16035812
11408004
13460266
11415255
13464898
4643913
13506295
16017259
11358048
5227212
5304394
4714792
23114821
13455058
507160
3242284
13716267
13508800
23107976
5316595
5123441
507372
7513513
10609276
13514949
5245978
13500038
13509384
7939967
5214991
4717323
4610997
10601225
10557630
16021179
13722597
7524635
11357480
16049097
3923021
10606763
13715147
10612395
3923526
10551826
16019200
10615314
4617689
5254287
13515086
12016099
16054964
725314
4618517
749359
13511124
10606349
6725991
7051210
13503761
5253653
7044001
6903735
3929415
7100477
7059477
733990
16035725
7022009
5304250
16023498
6825907
7939856
15847551
3932836
3917957
4249901
4249904
4250224
4658626
4658850
16021940
16022215
15940839
5264545
4717488
3915676
4717278
4753255
4717324
4653272
4653347
16018335
4714830
3918009
4714753
4702146
4224372
4224283
4657601
15847667
3262752
4627358
4625115
4625024
4717275
3262493
4614465
15940873
16049204
5306364
16053695
16054980
16035607
4643673
3910936
4714747
5261180
3921510
5300012
5261394
5243084
3922427
5224274
5224349
3910921
5224412
4609385
4609384
4601492
4263379
4261663
4261660
4264213
3921586
5224513
17721849
5263671
5262548
5261350
5263687
5262584
5262609
5263726
5260176
5260083
5261409
5261312
5262630
5263793
5263686
3921856
3933322
3922442
17907933
4608103
4610257
4608873
4608802
4620907
4628028
3933298
5261311
17804719
17807221
17807010
17907802
4604544
5300223
5224554
5224543
1209194
4608843
5262606
5263804
3923986
4643959
16017414
5244531
5263284
5263250
5263774
4611235
4562579
3858234
4263384
4605662
5300230
4605663
17719389
4608003
4620876
17730514
4609415
3912799
4627487
13514661
3906601
3924233
5260157
1362930
1222614
1212823
1218521
7514070
4605759
7513828
7513837
4601364
10602245
13447383
1362816
4261693
17721907
3932266
15847655
7933609
4628153
16054598
15847522
13709724
4605818
17805384
17805399
17722599
3858220
17722478
3921609
3929156
17907870
17722569
4601454
5300245
3921540
5263269
1852868
7524599
16035027
5263700
17908206
4717308
5262860
13508498
1410586
13450801
4605691
4608104
5263143
16054908
4611080
1410668
17719359
1362814
3933343
13505655
7514039
3256917
4714557
17808508
3912553
7524317
5245720
1222727
5311376
6723992
7513224
10558767
4627838
15904307
16054872
5303378
13452094
13500617
5306781
7513990
5255994
3921885
22540327
3928743
4620859
1222708
10605214
13501018
13448126
11350789
7751036
734120
22751014
13501847
11359870
7935307
13507715
11854418
6718714
13500406
13507098
6941593
5313099
13507683
15905596
13507104
5254320
5304267
5254279
5304905
5248431
5251054
5200238
1005390
504874
10610967
5255964
13445737
5259130
7940282
10553302
745051
15848100
16022160
7948396
5300070
13450315
5305865
7023136
5219631
5304334
7042868
13445737
16018212
5258521
11362801
5300173
13504663
4614712
13509701
4601551
15847700
1408191
3914347
10551027
5244517
5244345
15905482
5224589
3915699
5309240
13462299
5134929
13446837
4800374
7511862
4714852
7935431
4627336
4611205
13509152
16059469
15904250
16018228
16035367
16059430
15848006
16023157
4627330
10602158
5133509
725309
750043
4756768
5224382
13457059
11405984
5224428
4658880
3906645
3918084
16017225
17730544
7935436
4714851
4608723
15940875
4615050
6707378
4753165
3858168
23114763
10604425
13463650
529203
6818659
4617313
4653336
4717506
11956760
7042749
4625590
5122452
13664488
5238441
4724303
16019256
4800383
15847997
4627311
12004803
13508583
4714562
16034991
10500082
4733112
3912464
5139670
4556140
15847563
15847645
16053903
5314045
13450264
10562167
13503710
10612208
4617598
7049574
6637102
10611114
5123815
5117157
5117220
5122048
5115346
5115413
5115614
4737177
5132484
5132699
5120895
5120890
16049192
5214338
7515696
5231948
7514603
7530499
7530442
7515624
7515676
7511947
7514881
7514770
13710032
7530573
7530459
16022159
23121738
13451428
523171
23103697
7946849
5222595
5222558
5303262
5303455
4628233
4635512
4635469
13511737
5224275
5224502
5224389
5224462
5221676
5237119
5237190
5214278
5214357
5232009
5113716
5231931
5220821
5303464
5117596
5117151
5256775
13509719
5224307
5224479
5221659
5255042
5224803
5224922
7524777
7512731
7512888
7511418
5120886
5115092
5117226
5254845
5303270
5254894
5259519
5227242
5259401
5254834
7511139
5300484
5259311
5303239
5252077
5252070
5252065
5252072
5252071
5252078
5300490
5300478
5261702
5259683
5259531
4658656
5259628
5237183
5224640
4622637
5239359
5224853
5224608
5235872
4623104
4623358
4627166
3932911
3929280
5303259
5224760
5224895
4619570
4619529
13452779
5239269
15847516
4619590
5312724
13509139
11403074
13512588
744915
23117732
15847575
3929311
3262464
522924
6710648
749424
11411542
13510950
5259842
23121074
13451977
5311625
13457992
727896
5252545
731845
6715569
7933448
5246441
5312816
16053876
4623127
13448187
11827269
3932926
5303923
5202094
11827637
13511892
4224312
5304305
10610290
530633
23119233
7511131
10613961
7530449
5264518
5258302
727782
23121811
3934581
13505310
5224296
4801317
15959826
1364944
1201923
5255126
5134912
11407653
13462313
10558874
4714740
11410759
1203396
7530563
4764348
3934634
530946
16035361
7530569
3918157
16035772
13452301
10555337
7751029
5304286
7514224
11406654
4801199
749357
5246412
13509168
5134912
16035110
7509554
7511408
11418535
4717309
7511115
23119223
5303435
13449491
6715642
13512346
5303246
3923571
16048800
6726004
10558947
5244530
4608033
511653
7511226
522653
13448405
23117686
5237130
1222719
7515584
13448565
3915759
4643816
23121032
530445
5435751
13458237
520098
5125307
5122109
5254339
11826446
15847676
23103660
13511145
4717462
3234229
15847643
4627382
5318405
23114714
16018382
4627951
13450313
13459407
16017427
16018227
11364472
5304874
10424934
16023463
23121596
519613
6803757
5224802
5229272
16018366
1362860
749404
11848758
23108007
16035721
23121770
16053892
3858258
3234530
6836070
5313110
5309740
23120786
6757178
11835593
16059358
7023349
13513774
13507525
15847576
507602
5224840
16023837
17907775
5251068
6721618
4628184
4632695
4604773
5224538
3242288
6724037
6834831
3242275
3912798
7032073
13465102
3234223
6835233
4711113
15904258
749291
10615680
16019412
